1	890000	44478082	409	Duplication	3	0.31	0.02	0.179314710270307
1	44578082	48090000	33	Deletion	1	0.15	0.04	-0.148470257693483
1	48190000	49690000	16	Duplication	3	0.4	0.06	0.196241330501028
1	49790000	90960000	403	Deletion	1	0.14	0.02	-0.153621440390167
1	91060000	120450000	281	Deletion	1	0.17	0.02	-0.153566867740929
1	145430000	190335000	410	Duplication	3	0.22	0.01	0.111747326273753
1	190435000	249110000	553	Duplication	3	0.34	0.01	0.194995226755152
2	60000	88955000	861	Deletion	1	0.09	0.01	-0.100869169772431
2	95630000	112800000	135	Duplication	3	0.23	0.02	0.0733906146589856
2	112900000	152910000	371	Duplication	3	0.18	0.02	0.103945472159038
2	153010000	153110000	2	Multi-Copy Duplication	7	1	0	1.86703221364449
2	153210000	157585000	44	Duplication	3	0.45	0.04	0.112439327261142
2	157685000	181550000	236	Duplication	3	0.16	0.02	0.0815927139217975
2	181650000	195950000	144	Deletion	1	0.02	0.01	-0.0813645083022239
2	196050000	219675000	235	Deletion	1	0.01	0	-0.00110469547441472
2	219775000	242900000	227	Deletion	1	0.11	0.02	-0.110571310253247
3	140000	24970000	247	Deletion	1	0.22	0.02	-0.193852142921762
3	25070000	25170000	2	Multi-Copy Duplication	4	1	0	0.944222433790044
3	25270000	72620270	472	Deletion	1	0.21	0.01	-0.194345030685595
3	72720270	83680000	103	Deletion	1	0.22	0.02	-0.165878402167046
3	83780000	90080000	64	Duplication	3	0.38	0.03	0.189168840719602
3	93695000	116820000	231	Duplication	3	0.53	0.02	0.286599573047157
3	116920000	197750000	789	Duplication	3	0.51	0.01	0.293518173273877
4	125000	18050000	164	Duplication	3	0.22	0.02	0.126074962327237
4	18150000	48947096	304	Duplication	3	0.27	0.01	0.153983513240365
4	52745000	58190000	54	Deletion	1	0.01	0	-0.0478187169921099
4	58290000	67565000	91	Deletion	1	0.13	0.02	-0.161841596711017
4	67665000	79400000	106	Deletion	1	0.22	0.02	-0.190828839629022
4	79500000	95900000	165	Duplication	3	0.24	0.02	0.116110918397442
4	96000000	101100000	52	Deletion	1	0.08	0.04	-0.109479032965123
4	101200000	106355000	51	Deletion	1	0.09	0.04	-0.226523837026874
4	106455000	109055000	27	Duplication	3	0.09	0.05	0.0329410536418695
4	109155000	138050000	280	Deletion	1	0.21	0.01	-0.176710246501398
4	138150000	144355000	62	Duplication	3	0.25	0.04	0.0761747049136418
4	144455000	147620000	28	Deletion	1	0.25	0.05	-0.243293425186847
4	147720000	150020000	24	Duplication	3	0.05	0.05	0.0288104087978672
4	150120000	160040000	99	Duplication	3	0.55	0.0299999999999999	0.333807533001402
4	160140000	163940000	39	Deletion	1	0.2	0.04	-0.160301537268639
4	164040000	167165000	31	Duplication	3	0.49	0.05	0.218307773295343
4	167265000	184565000	174	Deletion	1	0.16	0.02	-0.183450800237253
4	184665000	190745000	58	Deletion	1	0.22	0.03	-0.182310193940097
5	60000	39420000	370	Duplication	3	0.17	0.01	0.0932988897710221
5	39520000	45800000	63	Duplication	3	0.18	0.03	0.117264187361642
5	49610000	67195000	172	Duplication	3	0.18	0.02	0.0636275040155856
5	67295000	130845000	606	Duplication	3	0.16	0.01	0.0796567589243926
5	130945000	167038727	355	Duplication	3	0.17	0.02	0.0854994322527701
5	167138727	180635000	125	Duplication	3	0.16	0.02	0.0870492949592478
6	440000	57130000	552	Deletion	1	0.01	0	-0.0042860600918988
6	62285000	69195000	69	Duplication	3	0.02	0.03	0.0054757859359571
6	69295000	160541300	904	Deletion	1	0.09	0.01	-0.0985271938963677
6	160641300	162580000	19	Deletion	1	0.01	0	-0.11509486083949
6	162680000	170779972	78	Deletion	1	0.2	0.03	-0.195609119568109
7	95000	12700000	114	Duplication	3	0.48	0.03	0.276353716661305
7	12800000	40080000	258	Duplication	3	0.69	0.02	0.364105133119131
7	40180000	57365000	154	Duplication	3	0.65	0.02	0.369909145358634
7	63425000	118405000	485	Duplication	3	0.15	0.01	0.0876154770338107
7	118505000	118705000	3	Multi-Copy Duplication	6	1	0	1.59555426890355
7	118805000	155920634	346	Duplication	3	0.16	0.02	0.0793134887643185
7	156020634	158995000	30	Duplication	3	0.12	0.04	0.0717552632424143
8	455000	15320000	126	Deletion	1	0.34	0.02	-0.313233060988724
8	15420000	34850000	194	Deletion	1	0.35	0.02	-0.298141503320453
8	34950000	39150000	43	Duplication	3	0.06	0.04	0.0658706008188221
8	39250000	39350000	2	Multi-Copy Duplication	6	1	0	1.51259633071839
8	39450000	43325000	38	Duplication	3	0.06	0.04	0.024332404283842
8	47855000	51390000	35	Duplication	3	0.3	0.04	0.0500752059120455
8	51490000	103455000	515	Duplication	3	0.08	0.01	0.0260471659636192
8	103555000	146150000	421	Duplication	3	0.13	0.01	0.0613123188565186
9	245000	20665000	204	Deletion	1	0.2	0.02	-0.201262947719849
9	20765000	38675000	171	Deletion	1	0.2	0.02	-0.171057560169479
9	71075000	140866997	670	Deletion	1	0.22	0.01	-0.203249958931901
10	170000	13945000	136	Deletion	1	0.01	0	-0.0155266971103991
10	14045000	38435000	227	Deletion	1	0.01	0	-0.0175972657879259
10	42965000	58490000	111	Deletion	1	0.04	0.02	-0.0965343867833254
10	58590000	78445000	198	Deletion	1	0.04	0.02	-0.0999660059130324
10	78545000	125969472	454	Deletion	1	0.07	0.01	-0.0936574737110243
10	126069472	135377527	88	Deletion	1	0.1	0.03	-0.106055153055143
11	245000	50150000	472	Duplication	3	0.15	0.01	0.0652931341278369
11	55130000	55530000	5	Duplication	3	1.53	0.13	0.0636673409471916
11	55630000	103655000	447	Duplication	3	0.16	0.01	0.0787109465922489
11	103755000	134670000	307	Duplication	3	0.09	0.02	0.0195735590983483
12	230000	34280000	326	Deletion	1	0.07	0.02	-0.0794683585009671
12	38795000	43595000	49	Multi-Copy Duplication	7	1	0	1.80498626250799
12	43695000	57425000	135	Deletion	1	0.12	0.02	-0.115477244198259
12	57525000	73890000	162	Multi-Copy Duplication	7	1	0	1.75408812922312
12	73990000	133745000	588	Deletion	1	0.11	0.01	-0.10665585736958
13	19550000	59415000	381	Deletion	1	0.12	0.02	-0.122021848955704
13	59515000	106960324	470	Deletion	1	0.19	0.01	-0.171635903614073
13	107060324	114989948	74	Deletion	1	0.19	0.03	-0.163582535948854
14	20240000	40620000	198	Duplication	3	0.27	0.02	0.183122663970354
14	40720000	44390000	37	Duplication	3	0.21	0.04	0.0595018884910011
14	44490000	107165000	612	Duplication	3	0.06	0.01	0.00981615474193964
15	22370000	102185000	729	Deletion	1	0.13	0.01	-0.131035390690066
16	140000	5990000	51	Duplication	3	0.28	0.04	0.200451643335808
16	6090000	6390000	4	Multi-Copy Duplication	4	1	0	0.907384372256376
16	6490000	30810000	195	Duplication	3	0.36	0.02	0.221811891800337
16	30910000	35075000	16	Duplication	3	0.65	0.0600000000000001	0.432168627099611
16	46565000	90090000	420	Duplication	3	0.12	0.01	0.0645394257125225
17	446626	21070000	182	Deletion	1	0.13	0.02	-0.116459140953663
17	25580000	81009049	512	Duplication	3	0.1	0.01	0.0414983545863732
18	185000	13990000	135	Deletion	1	0.09	0.02	-0.0816199365571178
18	18590000	69085000	503	Deletion	1	0.33	0.01	-0.282448417263711
18	69185000	77921820	86	Deletion	1	0.07	0.03	-0.0732977756960493
19	305000	23810000	196	Deletion	1	0.21	0.02	-0.185786774245165
19	28325000	59045000	279	Deletion	1	0.04	0.02	-0.0297004674311906
20	110000	17255000	172	Duplication	3	0.19	0.02	0.0891655657475301
20	17355000	25555000	81	Duplication	3	0.55	0.03	0.326251768612159
20	29885000	32785000	30	Duplication	3	0.77	0.05	0.136094810535299
20	32885000	62813369	294	Duplication	3	0.39	0.02	0.220497779937888
21	15530000	20730000	53	Duplication	3	0.32	0.04	0.188678520653804
21	20830000	47965000	267	Duplication	3	0.05	0.02	0.020483425115648
22	17570000	51064777	301	Deletion	1	0.2	0.02	-0.172036320630111
X	331384	3668238	30	Duplication	3	0.43	0.05	0.0238704258118659
X	3768238	3868238	2	Deletion	1	0.95	0.13	-1.04857095569659
X	3968238	19938674	159	Deletion	1	0.28	0.02	-0.0413094677620954
X	20038674	45298256	253	Deletion	1	0.33	0.01	-0.0898185734829405
X	45398256	53595914	79	Duplication	3	0.01	0	0.2191200791829
X	53695914	53795914	2	Multi-Copy Duplication	6	1	0	1.66157513791127
X	53895914	58495914	47	Duplication	3	0.01	0	0.263208617090863
X	61732012	77653692	159	Duplication	3	0.01	0	0.205606648241944
X	77753692	79353692	17	Duplication	3	0.42	0.05	0.339108511137499
X	79453692	88353692	90	Duplication	3	0.01	0	0.254455248214241
X	88453692	92353692	40	Deletion	1	0.18	0.04	-0.118157718057479
X	92453692	133613235	410	Duplication	3	1.27	0.01	0.225802270711204
X	133713235	155177099	211	Duplication	3	0.01	0	0.214825826944008
Y	281384	2518238	19	Multi-Copy Duplication	4	1	0	1.14329816985457
Y	2618238	5418238	29	Duplication	3	0.33	0.05	0.206296191290424
Y	5518238	10041322	44	Duplication	3	0.57	0.04	0.539561642356317
Y	13243954	19048578	58	Duplication	3	0.22	0.03	0.395320335221075
Y	19148578	24101428	47	Deletion	1	0.54	0.03	-0.4272793208684
Y	24201428	28701428	46	Deletion	1	0.01	0.02	-0.00478462891976117
Y	59017656	59217656	3	Multi-Copy Duplication	4	1	0	1.14329816985457
