1	890000	120450000	1142	Duplication	3	0.01	0	0.00859066891008475
1	145430000	249110000	963	Duplication	3	0.01	0.01	0.013414803513377
2	60000	88955000	861	Deletion	1	0.02	0.03	-0.0103282569395255
2	95630000	100775000	38	Duplication	3	0.12	0.14	0.104771594836862
2	100875000	114785000	111	Duplication	3	0.01	0.01	0.000793343457380136
2	114885000	116085000	13	Duplication	3	0.73	0.23	0.327594434151901
2	116185000	242900000	1232	Duplication	3	0.01	0.03	0.00946285451308082
3	140000	90080000	888	Deletion	1	0.04	0.03	-0.0204873719001112
3	93695000	197750000	1020	Duplication	3	0.01	0.02	0.00159711349558123
4	125000	28485000	267	Duplication	3	0.04	0.05	0.0300598951584068
4	28585000	48947096	201	Duplication	3	0.25	0.06	0.0828176732187265
4	52745000	67565000	145	Duplication	3	0.11	0.07	0.07079428801601
4	67665000	190745000	1196	Duplication	3	0.05	0.03	0.00786943226643988
5	60000	5985000	57	Duplication	3	0.01	0.09	0.00321136516222809
5	6085000	45800000	376	Duplication	3	0.21	0.04	0.0860343965257432
5	49610000	180635000	1258	Deletion	1	0.02	0.02	-0.0171451371041632
6	440000	57130000	552	Deletion	1	0.07	0.04	-0.023226492405283
6	62285000	170779972	1070	Deletion	1	0.01	0.03	-0.037344679602886
7	95000	50460631	469	Duplication	3	0.05	0.04	0.0448288166944293
7	50560631	57365000	57	Duplication	3	1.18	0.11	0.610616413187161
7	63425000	109405000	395	Deletion	1	0.01	0	-0.00608570239083051
7	109505000	121005000	116	Duplication	3	0.31	0.08	0.16138871325242
7	121105000	158995000	353	Duplication	3	0.07	0.05	0.00547129179167571
8	455000	39150000	363	Deletion	1	0.06	0.04	-0.0635892610025197
8	39250000	39350000	2	Multi-Copy Duplication	10	1	0	2.35672456429554
8	39450000	43325000	38	Deletion	1	0.09	0.13	-0.0152659519783096
8	47855000	146150000	971	Duplication	3	0.02	0.03	0.0160734711274555
9	245000	21960000	216	Deletion	1	0.12	0.06	-0.0503387906291682
9	22060000	38675000	159	Deletion	1	0.01	0	-0.0321117637812294
9	71075000	140866997	670	Deletion	1	0.09	0.03	-0.020014195215695
10	170000	38435000	363	Duplication	3	0.01	0.03	0.010001607932788
10	42965000	120550000	711	Deletion	1	0.08	0.04	-0.0288548626721852
10	120650000	135377527	140	Deletion	1	0.16	0.07	-0.0694273365331259
11	245000	50150000	472	Deletion	1	0.02	0.04	-0.000166115994637894
11	55130000	134670000	759	Duplication	3	0.01	0.02	0.0155977671566019
12	230000	34280000	326	Duplication	3	0.01	0.03	0.0177064162181727
12	38795000	45195000	65	Duplication	3	0.14	0.1	0.0886068120641315
12	45295000	53425000	82	Deletion	1	0.13	0.09	-0.0837036207001368
12	53525000	71190000	172	Duplication	3	0.17	0.07	0.100699623369954
12	71290000	133745000	615	Deletion	1	0.01	0.01	-0.00180337082981863
13	19550000	102460324	806	Deletion	1	0.01	0	-0.0228991039645685
13	102560324	114989948	119	Deletion	1	0.04	0.07	-0.0972614276427375
14	20240000	35890000	151	Duplication	3	0.01	0.05	0.0142161867609789
14	35990000	38620000	27	Duplication	3	0.56	0.16	0.297289899280647
14	38720000	107165000	669	Deletion	1	0.02	0.04	-0.00124781545090036
15	22370000	29559443	49	Duplication	3	0.01	0.05	0.0556904951958621
15	29659443	42340000	110	Deletion	1	0.31	0.08	-0.099482660037672
15	42440000	102185000	570	Deletion	1	0.1	0.04	-0.023177137843466
16	140000	6690000	58	Duplication	3	0.31	0.11	0.0557328285834263
16	6790000	6890000	2	Deletion	1	1.38	0.57	-0.868813737393695
16	6990000	35075000	206	Duplication	3	0.07	0.06	0.00978534009579179
16	46565000	90090000	420	Deletion	1	0.01	0.01	-0.0150891361381279
17	446626	21070000	182	Deletion	1	0.01	0.06	-0.0619254344384712
17	25580000	81009049	512	Duplication	3	0.01	0.01	0.00458150634519783
18	185000	13990000	135	Duplication	3	0.08	0.07	0.0530511975564592
18	18590000	77921820	589	Deletion	1	0.02	0.03	-0.0278970940101613
19	305000	23810000	196	Deletion	1	0.01	0	-0.0115080743641178
19	28325000	59045000	279	Duplication	3	0.26	0.05	0.0129481887426448
20	110000	25555000	253	Duplication	3	0.01	0.02	0.00269638062402677
20	29885000	40997085	111	Duplication	3	0.12	0.08	0.0920616094576785
20	41097085	62813369	213	Duplication	3	0.01	0.05	0.0252439044941384
21	15530000	23930000	85	Deletion	1	0.06	0.09	-0.0771281515642808
21	24030000	47965000	235	Deletion	1	0.01	0.05	-0.0240984978438368
22	17570000	51064777	301	Deletion	1	0.06	0.05	-0.0183362885589473
X	331384	3368238	27	Deletion	1	1.6	0	-0.0290649147850695
X	3468238	3868238	5	Deletion	1	0.01	0	-0.286976613554215
X	3968238	52174173	478	Duplication	3	1.6	0	0.0225898814460456
X	52274173	52695914	4	Deletion	1	0.01	0.23	-0.349117136144884
X	52795914	58495914	58	Duplication	3	1.6	0	0.0913773567660167
X	61732012	61832012	2	Duplication	3	0.01	0	0.611554032100311
X	61932012	72732012	109	Duplication	3	1.6	0	0.0137587674928159
X	72832012	74032012	13	Duplication	3	1.6	0	0.197854735450588
X	74132012	92853692	187	Duplication	3	1.6	0	0.0450484493629979
X	92953692	93353692	5	Deletion	1	0.01	0	-0.470919767047004
X	93453692	95253692	19	Duplication	3	1.6	0	0.230043689161332
X	95353692	118082290	227	Duplication	3	1.6	0	0.0245231325650266
X	118182290	129913235	117	Duplication	3	1.6	0	0.0800182451567273
X	130013235	135913235	60	Deletion	1	0.01	0	-0.0536845026406725
X	136013235	155177099	188	Duplication	3	1.6	0	0.0881270546901632
Y	281384	2518238	19	Multi-Copy Duplication	4	1	0	0.992187552889703
Y	2618238	4818238	23	Deletion	1	0.02	0.17	-0.0883558744208466
Y	4918238	10041322	50	Deletion	1	0.01	0	-0.134688935338821
Y	13243954	28701428	151	Deletion	1	0.01	0	-0.0989518958885907
Y	59017656	59217656	3	Multi-Copy Duplication	4	1	0	0.992187552889703
