1	890000	120450000	1142	Duplication	3	0.04	0.01	0.00245343361632788
1	145430000	163745000	146	Duplication	3	0.55	0.02	0.317655604153935
1	163845000	164745000	10	Deletion	1	0.01	0.06	-0.0201880374637363
1	164845000	168245000	35	Duplication	3	0.56	0.05	0.307109596929389
1	168345000	169345000	11	Deletion	1	0.01	0	-0.0263336340040908
1	169445000	171835000	24	Duplication	3	0.53	0.05	0.344686759476034
1	171935000	249110000	737	Duplication	3	0.04	0.01	0.00408396285448398
2	60000	22628113	219	Deletion	1	0.28	0.02	-0.23504780343617
2	22728113	88955000	642	Deletion	1	0.04	0.01	-0.0499650180792923
2	95630000	113000000	137	Deletion	1	0.06	0.02	-0.0706482844978946
2	113255000	160985000	448	Deletion	1	0.03	0.01	-0.0294467297308664
2	161085000	210805000	494	Deletion	1	0.06	0.01	-0.0603452871125782
2	210905000	217175000	63	Duplication	3	0.17	0.03	0.102456062859807
2	217275000	242900000	252	Duplication	3	0.04	0.02	0.000425234322243062
3	140000	90080000	888	Deletion	1	0.06	0.01	-0.0682516176176408
3	93695000	101660000	80	Deletion	1	0.3	0.03	-0.256637893175442
3	101760000	112060000	104	Duplication	3	0.16	0.02	0.110693269825574
3	112160000	122320000	102	Deletion	1	0.02	0.02	-0.0249927622238988
3	122420000	144615000	215	Duplication	3	0.38	0.02	0.20767954221149
3	144715000	150385000	57	Duplication	3	0.66	0.04	0.378212537389358
3	150485000	167780000	171	Duplication	3	0.28	0.02	0.153486989318397
3	167880000	171665000	38	Duplication	3	0.8	0.04	0.443411374171063
3	171765000	197750000	253	Duplication	3	0.22	0.02	0.135981432395263
4	125000	2728646	26	Deletion	1	0.09	0.04	-0.0670700898819862
4	2828646	34890638	303	Duplication	3	0.26	0.02	0.162346046771215
4	34990638	48947096	139	Duplication	3	0.21	0.02	0.131574920309893
4	52745000	126140000	711	Deletion	1	0.08	0.01	-0.0703638613598792
4	126240000	153120000	260	Duplication	3	0.16	0.02	0.10550023269975
4	153220000	170965000	176	Deletion	1	0.08	0.02	-0.0645623065660179
4	171065000	178165000	72	Duplication	3	0.16	0.03	0.138650120606282
4	178265000	190745000	122	Deletion	1	0.07	0.02	-0.0600574094115265
5	60000	24060000	221	Duplication	3	0.53	0.02	0.34603732671948
5	24160000	45800000	212	Duplication	3	0.33	0.02	0.210166710214685
5	49610000	64595000	146	Deletion	1	0.01	0.02	-0.0400955229490942
5	64695000	85100000	183	Deletion	1	0.07	0.02	-0.0647718364144427
5	85200000	180635000	929	Deletion	1	0.03	0.01	-0.0327975134966574
6	440000	57130000	552	Duplication	3	0.16	0.01	0.0837635172827353
6	62285000	77195000	148	Duplication	3	0.22	0.02	0.139319182965766
6	77295000	123820000	460	Deletion	1	0.04	0.01	-0.0425416028924127
6	123920000	170779972	462	Deletion	1	0.06	0.01	-0.0641507728979713
7	95000	57365000	526	Duplication	3	0.5	0.01	0.303155734706657
7	63425000	136804523	664	Duplication	3	0.28	0.01	0.17999500503634
7	136904523	158020634	191	Duplication	3	0.47	0.02	0.295483437370125
7	158195000	158995000	9	Deletion	1	0.01	0.04	-0.00368253573090438
8	455000	30010000	272	Deletion	1	0.32	0.02	-0.271915521778082
8	30110000	35950000	59	Deletion	1	0.26	0.03	-0.196758268054533
8	36050000	39150000	32	Duplication	3	0.2	0.04	0.129461467567277
8	39250000	39350000	2	Multi-Copy Duplication	5	1	0	1.19502490878197
8	39450000	43325000	38	Duplication	3	0.21	0.04	0.111995655241977
8	47855000	146150000	971	Duplication	3	0.2	0.01	0.11467833534594
9	245000	15965000	157	Duplication	3	0.09	0.02	0.0412655269451265
9	16065000	22960000	69	Duplication	3	0.27	0.03	0.171682948992871
9	23060000	25235000	22	Deletion	1	0.28	0.05	-0.231119730496502
9	25335000	38675000	127	Deletion	1	0.01	0.02	-0.0144711703754542
9	71075000	78900000	78	Duplication	3	0.19	0.03	0.0904836869168739
9	79000000	93950000	138	Deletion	1	0.06	0.02	-0.057157569477004
9	94050000	128210000	334	Duplication	3	0.2	0.01	0.111297745833966
9	128310000	131910000	37	Deletion	1	0.03	0.04	-0.0392609121410924
9	132010000	140866997	83	Duplication	3	0.37	0.03	0.205345441261623
10	170000	16225000	158	Deletion	1	0.01	0.01	-0.00676136138642525
10	16325000	38435000	205	Duplication	3	0.15	0.02	0.0910475848103036
10	42965000	61790000	144	Duplication	3	0.02	0.02	0.00171159693030704
10	61890000	68390000	66	Deletion	1	0.31	0.03	-0.270241196081918
10	68490000	76845000	83	Duplication	3	0.64	0.03	0.377800338846029
10	76945000	108560000	299	Duplication	3	0.2	0.02	0.108846708823717
10	108660000	112450000	38	Deletion	1	0.26	0.03	-0.204683115585749
10	112550000	135377527	221	Deletion	1	0.02	0.02	-0.0523975914722885
11	245000	25395000	245	Deletion	1	0.29	0.02	-0.254526912681135
11	25495000	50150000	227	Deletion	1	0.15	0.02	-0.123587437811771
11	55130000	68120000	124	Deletion	1	0.01	0	-0.0165999344373655
11	68220000	70145000	17	Deletion	1	0.32	0.06	-0.263665661249494
11	70245000	72475000	20	Duplication	3	0.08	0.05	0.00656034083651047
11	72575000	73875000	14	Deletion	1	0.3	0.06	-0.269959712183816
11	73975000	89210000	142	Duplication	3	0.06	0.02	0.023475727517173
11	89885000	117785000	274	Deletion	1	0.3	0.02	-0.253555575250305
11	117885000	123285000	55	Deletion	1	0.02	0.03	-0.0511338872311344
11	123385000	125085000	18	Duplication	3	0.31	0.06	0.20177622683381
11	125185000	134670000	95	Deletion	1	0.27	0.03	-0.252532679047843
12	230000	7889876	77	Deletion	1	0.01	0.02	-0.0191639082896407
12	8045000	27290000	184	Deletion	1	0.28	0.02	-0.235628400811844
12	27390000	34280000	65	Deletion	1	0.01	0.03	-0.0329828239773515
12	38795000	133745000	934	Deletion	1	0.05	0.01	-0.0539135819527419
13	19550000	44140000	236	Deletion	1	0.29	0.02	-0.239047290675413
13	44240000	45740000	16	Duplication	3	0.12	0.06	0.0256880883195141
13	45840000	68375000	216	Deletion	1	0.3	0.02	-0.247864635353214
13	68475000	71675000	33	Duplication	3	0.17	0.04	0.129163303154658
13	71775000	78175000	65	Deletion	1	0.12	0.03	-0.104568793505122
13	78275000	85060000	68	Deletion	1	0.32	0.03	-0.267247238104182
13	85160000	91360324	61	Deletion	1	0.13	0.03	-0.105694040530362
13	91460324	96060324	47	Duplication	3	0.18	0.04	0.126688021583904
13	96160324	103460324	74	Deletion	1	0.04	0.03	-0.0493433157796104
13	103560324	109560324	61	Deletion	1	0.32	0.03	-0.264831760694071
13	109660324	114989948	48	Deletion	1	0.06	0.04	-0.0547487728447101
14	20240000	31370000	107	Duplication	3	0.21	0.02	0.128211838694433
14	31470000	58595000	269	Deletion	1	0.01	0	-0.00732200150199325
14	58695000	107165000	471	Deletion	1	0.05	0.01	-0.0561133377834956
15	22370000	34375000	82	Deletion	1	0.01	0	-0.0215924660789939
15	34475000	68925000	337	Deletion	1	0.15	0.01	-0.140823477148214
15	69025000	75450000	63	Duplication	3	0.07	0.03	0.0145005787998209
15	75665000	102185000	247	Deletion	1	0.14	0.01	-0.134429581446524
16	140000	12345000	112	Duplication	3	0.08	0.02	0.0618569005383786
16	12445000	35075000	154	Duplication	3	0.33	0.02	0.205909077787266
16	46565000	81345000	337	Duplication	3	0.09	0.02	0.0540198561821192
16	81445000	90090000	83	Deletion	1	0.2	0.02	-0.165890445563017
17	446626	9620000	89	Deletion	1	0.15	0.03	-0.0973719102540525
17	9720000	10820000	12	Duplication	3	0.34	0.07	0.204874668731124
17	10920000	14150000	33	Deletion	1	0.25	0.04	-0.211815308719653
17	14250000	21070000	48	Duplication	3	0.04	0.03	0.0230827485363289
17	25580000	27480000	20	Deletion	1	0.03	0.05	-0.0513232438282838
17	27580000	33885000	58	Deletion	1	0.23	0.03	-0.224422058142953
17	33985000	81009049	434	Duplication	3	0.04	0.01	0.0033276479218256
18	185000	13990000	135	Deletion	1	0.01	0.02	-0.0196028057419724
18	18590000	40790000	223	Deletion	1	0.03	0.02	-0.0360129052529834
18	40890000	65685000	246	Deletion	1	0.06	0.02	-0.0639492401273543
18	65785000	70685000	50	Duplication	3	0.4	0.03	0.250811033449449
18	70785000	77921820	70	Deletion	1	0.09	0.03	-0.0745913866437682
19	305000	23810000	196	Deletion	1	0.14	0.02	-0.0883476072248197
19	28325000	29225000	10	Duplication	3	0.99	0.0800000000000001	0.590662742788044
19	29325000	31125000	19	Duplication	3	0.5	0.0600000000000001	0.32352626298888
19	31225000	56345000	224	Deletion	1	0.07	0.02	-0.044744389950357
19	56445000	59045000	26	Duplication	3	0.1	0.05	0.132255649513748
20	110000	5355000	53	Deletion	1	0.26	0.03	-0.192532812679829
20	5455000	17355000	120	Deletion	1	0.01	0	-0.0109224992379711
20	17455000	25555000	80	Deletion	1	0.28	0.02	-0.242731890511988
20	29885000	34997085	51	Duplication	3	0.3	0.03	0.206345258554398
20	35097085	62813369	273	Duplication	3	0.15	0.01	0.0938890082666928
21	15530000	24230000	88	Duplication	3	0.11	0.03	0.0658914334685122
21	24330000	47965000	232	Deletion	1	0.07	0.02	-0.0663582853660614
22	17570000	51064777	301	Deletion	1	0.09	0.02	-0.0920876494010929
X	331384	6668238	60	Deletion	1	0.19	0.03	-0.0903667253881724
X	6768238	25938674	191	Deletion	1	0.35	0.01	-0.0222568605538009
X	26038674	31738674	58	Deletion	1	0.39	0.02	-0.101929331695437
X	31838674	49342997	174	Duplication	3	0.01	0	0.0937768224516007
X	49442997	51774173	23	Duplication	3	0.01	0	0.120186278063584
X	51874173	52795914	9	Deletion	1	0.31	0.07	-0.130306900710631
X	52895914	58495914	57	Duplication	3	0.01	0	0.148623645876878
X	61732012	88353692	266	Duplication	3	0.01	0	0.155161308607163
X	88453692	92353692	40	Deletion	1	0.15	0.03	-0.120011277734553
X	92453692	155177099	621	Duplication	3	0.01	0	0.127807273378662
Y	281384	2518238	19	Multi-Copy Duplication	6	1	0	1.53493203500237
Y	2618238	6618238	41	Deletion	1	0.01	0.01	-0.0243088960167457
Y	6718238	10041322	32	Duplication	3	0.03	0.04	0.146337054068485
Y	13243954	24201428	106	Duplication	3	0.01	0	0.166723827342374
Y	24301428	28701428	45	Deletion	1	0.02	0.03	-0.00660456592956749
Y	59017656	59217656	3	Multi-Copy Duplication	6	1	0	1.53493203500237
