1	890000	35878082	323	Duplication	3	0.09	0.02	0.022941163588253
1	35978082	44778082	89	Duplication	3	1.6	0	0.858291259673035
1	44878082	52590000	75	Duplication	3	0.87	0.04	0.449538068640815
1	52690000	83375000	303	Duplication	3	0.18	0.02	0.0923879781466601
1	83475000	101560000	177	Deletion	1	0.31	0.02	-0.298526709248102
1	101660000	105580000	35	Deletion	1	0.07	0.05	-0.0533969779179773
1	105680000	112300000	62	Deletion	1	0.41	0.04	-0.346599301140537
1	112400000	114900000	26	Duplication	3	0.14	0.06	0.0480219018896386
1	115000000	120450000	52	Deletion	1	0.38	0.04	-0.308085994252974
1	145430000	180735000	314	Duplication	3	0.68	0.02	0.393999903828125
1	180835000	183335000	26	Deletion	1	0.13	0.06	-0.106319933427767
1	183435000	199070000	155	Duplication	3	0.64	0.03	0.415956897823787
1	199170000	210300000	103	Duplication	3	0.37	0.03	0.202652897550907
1	210400000	222445000	120	Duplication	3	1.04	0.03	0.57046606049647
1	222545000	228230000	52	Duplication	3	0.36	0.04	0.240445230000451
1	228330000	249110000	193	Duplication	3	0.67	0.0299999999999999	0.405019475418376
2	60000	88955000	861	Duplication	3	0.16	0.01	0.0971775573581291
2	95630000	230875000	1279	Deletion	1	0.01	0.01	-0.0214286147862486
2	230975000	242900000	115	Deletion	1	0.09	0.03	-0.0971914145697796
3	140000	7910000	77	Deletion	1	0.39	0.03	-0.336115588732626
3	8010000	12210000	43	Duplication	3	0.13	0.05	0.0505882745609045
3	12310000	68620270	561	Deletion	1	0.12	0.01	-0.11463600674749
3	68720270	86080000	167	Deletion	1	0.4	0.02	-0.309539130881262
3	86180000	90080000	40	Duplication	3	0.31	0.05	0.208300744117503
3	93695000	121820000	281	Duplication	3	0.42	0.02	0.266638904991764
3	121920000	197750000	739	Duplication	3	0.36	0.01	0.211746612682529
4	125000	48947096	468	Deletion	1	0.1	0.01	-0.0673107084880312
4	52745000	190745000	1341	Deletion	1	0.1	0.01	-0.082932048638078
5	60000	45800000	433	Duplication	3	1.5	0.02	0.815385610450653
5	49610000	131745000	787	Deletion	1	0.11	0.01	-0.0946443327994402
5	131845000	157338727	249	Duplication	3	0.15	0.02	0.092165256214312
5	157438727	180635000	222	Duplication	3	0.44	0.02	0.275381477688607
6	440000	57130000	552	Deletion	1	0.16	0.02	-0.147057484439866
6	62285000	66795000	45	Deletion	1	0.69	0.0399999999999999	-0.587250241901597
6	66895000	68595000	18	Duplication	3	1.19	0.0800000000000001	0.640897815455096
6	68695000	74060000	54	Deletion	1	0.56	0.03	-0.504133338702496
6	74160000	170779972	953	Deletion	1	0.11	0.01	-0.0984288882814899
7	95000	57365000	526	Duplication	3	0.73	0.01	0.430778785287454
7	63425000	158995000	864	Duplication	3	0.16	0.01	0.104956989465547
8	455000	43325000	403	Deletion	1	0.37	0.02	-0.313395512232541
8	47855000	56990000	91	Deletion	1	0.38	0.03	-0.329473430065379
8	57090000	72940000	158	Deletion	1	0.56	0.02	-0.502020713928894
8	73040000	84640000	117	Deletion	1	0.1	0.03	-0.0769082610103089
8	84740000	89585000	46	Duplication	3	0.34	0.04	0.21152971171762
8	89685000	101520000	119	Deletion	1	0.06	0.03	-0.046621533143115
8	101620000	120655000	191	Duplication	3	0.69	0.0299999999999999	0.388788388156701
8	120755000	146150000	249	Duplication	3	0.44	0.02	0.270888942893676
9	245000	38675000	375	Deletion	1	0.12	0.02	-0.0927931741543921
9	71075000	140866997	670	Deletion	1	0.13	0.01	-0.135170261755774
10	170000	13145000	128	Duplication	3	0.13	0.03	0.0764258800667963
10	13245000	18475000	47	Duplication	3	0.77	0.05	0.370488479552806
10	18575000	38435000	188	Duplication	3	0.41	0.02	0.241322259777334
10	42965000	55095000	78	Deletion	1	0.1	0.04	-0.0940373837869901
10	55195000	75090000	199	Duplication	3	0.15	0.02	0.101970063400051
10	75190000	135377527	574	Deletion	1	0.08	0.01	-0.0885813703309527
11	245000	18295000	174	Duplication	3	0.13	0.02	0.0359008263431674
11	18395000	20895000	26	Duplication	3	0.49	0.0600000000000001	0.280249695010944
11	20995000	22095000	12	Multi-Copy Duplication	4	1	0	0.91422089597534
11	22195000	29895000	78	Deletion	1	0.08	0.03	-0.0261663572438232
11	29995000	40655000	105	Duplication	3	0.34	0.03	0.201853718634828
11	40755000	41555000	9	Duplication	3	0.98	0.11	0.767232206998428
11	41655000	47455000	59	Duplication	3	0.15	0.04	0.106664825909427
11	47555000	50150000	9	Duplication	3	1.2	0.11	0.706854170761452
11	55130000	77475000	211	Duplication	3	0.16	0.02	0.106695111059494
11	77575000	98087584	186	Deletion	1	0.08	0.02	-0.0736575820418758
11	98187584	103355000	52	Duplication	3	0.5	0.04	0.283378413538409
11	103455000	123985000	204	Deletion	1	0.36	0.02	-0.318151691846223
11	124085000	134670000	106	Deletion	1	0.12	0.03	-0.1053288686909
12	230000	5530000	54	Duplication	3	0.96	0.0499999999999999	0.480532029861113
12	5630000	11055000	47	Deletion	1	0.13	0.04	-0.134458379652743
12	11155000	22690000	114	Deletion	1	0.42	0.03	-0.332776593987777
12	22790000	25790000	31	Duplication	3	0.39	0.06	0.079358230933793
12	25890000	29890000	41	Deletion	1	0.37	0.04	-0.312481093647235
12	29990000	34280000	39	Duplication	3	0.04	0.05	0.0829201441654386
12	38795000	40595000	19	Duplication	3	0.01	0.01	0.0185072456200615
12	40695000	46295000	57	Deletion	1	0.36	0.04	-0.325898247552467
12	46395000	48195000	19	Duplication	3	1.6	0	0.879530832471247
12	48295000	58025000	95	Duplication	3	0.16	0.03	0.128649006312688
12	58125000	58625000	6	Duplication	3	1.6	0	0.875406173542012
12	58725000	65890000	70	Deletion	1	0.36	0.04	-0.297410394917599
12	65990000	73490000	76	Multi-Copy Duplication	7	1	0	1.75211703233007
12	73590000	133745000	592	Deletion	1	0.11	0.02	-0.0943848564749072
13	19550000	70875000	493	Duplication	3	0.08	0.02	0.0600552888530921
13	70975000	114989948	432	Duplication	3	0.06	0.02	0.0227083602393787
14	20240000	24860000	44	Deletion	1	0.12	0.04	-0.138574725302695
14	24960000	31770000	67	Duplication	3	0.62	0.04	0.367825840839667
14	31870000	44590000	126	Multi-Copy Duplication	4	1	0	1.03442905850556
14	44690000	46990000	24	Duplication	3	0.36	0.07	0.165817118369683
14	47090000	89885000	424	Deletion	1	0.12	0.01	-0.106316041987907
14	89985000	91285000	14	Duplication	3	0.66	0.09	0.33420012784277
14	91385000	92785000	15	Deletion	1	0.15	0.07	-0.104411133880489
14	92885000	93285000	5	Duplication	3	1.46	0.16	0.822916555280257
14	93385000	96585000	33	Deletion	1	0.09	0.05	-0.140871232146435
14	96685000	100585000	40	Duplication	3	1.32	0.0600000000000001	0.725236420087223
14	100685000	107165000	55	Duplication	3	0.83	0.0499999999999999	0.470668973510203
15	22370000	25575000	18	Duplication	3	0.22	0.07	0.112338013463978
15	25675000	102185000	711	Deletion	1	0.12	0.01	-0.127384045447102
16	140000	35075000	266	Duplication	3	0.16	0.02	0.0992153217775775
16	46565000	90090000	420	Deletion	1	0.13	0.02	-0.115765536458738
17	446626	21070000	182	Duplication	3	0.05	0.02	0.0160492204879259
17	25580000	72220000	428	Duplication	3	0.15	0.02	0.0739020241068856
17	72320000	81009049	84	Deletion	1	0.01	0.01	-0.0263590047233013
18	185000	13990000	135	Duplication	3	0.72	0.03	0.428567423841433
18	18590000	77921820	589	Deletion	1	0.11	0.02	-0.103760650437315
19	305000	4605000	44	Deletion	1	0.24	0.04	-0.119443543227176
19	4705000	23810000	152	Duplication	3	0.24	0.02	0.204312409878253
19	28325000	42080000	133	Duplication	3	0.14	0.03	0.108705717366564
19	42180000	59045000	146	Deletion	1	0.15	0.02	-0.0726877810124061
20	110000	25555000	253	Duplication	3	0.15	0.02	0.0922892102789872
20	29885000	40297085	104	Duplication	3	0.12	0.03	0.0822106061476575
20	40397085	62813369	220	Duplication	3	0.38	0.02	0.208620065659805
21	15530000	47965000	320	Duplication	3	0.12	0.02	0.0702066840837152
22	17570000	51064777	301	Deletion	1	0.17	0.02	-0.163283304497923
X	331384	12838674	120	Deletion	1	0.01	0	-0.367280933387016
X	12938674	14138674	13	Duplication	3	1.29	0.0999999999999999	0.663281296056565
X	14238674	18238674	41	Duplication	3	0.3	0.05	0.165681438992843
X	18338674	20838674	26	Duplication	3	1.41	0.0700000000000001	0.778679672221443
X	20938674	27238674	64	Duplication	3	0.08	0.04	0.0681343364487602
X	27338674	42998256	157	Deletion	1	0.33	0.03	-0.299868521296823
X	43098256	43398256	4	Duplication	3	1.43	0.18	0.553639006987981
X	43498256	45098256	17	Deletion	1	0.28	0.07	-0.268790210111386
X	45198256	46298256	12	Multi-Copy Duplication	5	1	0	1.27015849205348
X	46398256	47898256	16	Deletion	1	0.46	0.07	-0.359371372623702
X	47998256	48298256	4	Multi-Copy Duplication	5	1	0	1.37037937053058
X	48398256	58495914	98	Deletion	1	0.01	0	-0.227416728662263
X	61732012	91353692	296	Deletion	1	0.01	0	-0.305423991033587
X	91453692	122613235	310	Deletion	1	0.01	0	-0.0861914007672513
X	122713235	130213235	76	Deletion	1	0.38	0.03	-0.326416599122801
X	130313235	155177099	245	Deletion	1	0.01	0	-0.0916850550028132
Y	281384	2518238	19	Deletion	1	1.24	0.01	-0.255340276035198
Y	2618238	3018238	5	Multi-Copy Duplication	8	1	0	2.04933972836364
Y	3118238	6118238	31	Duplication	3	0.01	0	0.138253926587452
Y	6218238	6318238	2	Deletion	1	1.04	0.12	-1.00302986159015
Y	6418238	7518238	12	Duplication	3	0.01	0	0.292700740141778
Y	7618238	8218238	7	Duplication	3	0.01	0	0.288691765413423
Y	8318238	8818238	6	Multi-Copy Duplication	5	1	0	1.33401776627019
Y	9014955	9114955	2	Deletion	1	1.25	0.03	-0.827093657307295
Y	9341322	9541322	3	Duplication	3	0.01	0	0.0819326391310049
Y	9641322	9741322	2	Deletion	1	1.19	0.0900000000000001	-0.884617476274314
Y	9841322	10041322	3	Duplication	3	0.01	0	0.571477324556278
Y	13243954	14348578	11	Duplication	3	0.29	0.11	0.00645491966162948
Y	14448578	14648578	3	Multi-Copy Duplication	4	1	0	1.15643982527743
Y	14748578	16548578	19	Duplication	3	0.01	0	0.725284955931516
Y	16648578	16848578	3	Deletion	1	1.23	0.03	-0.413725673515642
Y	16948578	18548578	17	Duplication	3	0.01	0	0.873654266134577
Y	18648578	19248578	7	Duplication	3	0.01	0	0.72165117268953
Y	19348578	19848578	6	Multi-Copy Duplication	4	1	0	0.916838895211816
Y	19948578	20048578	2	Deletion	1	0.76	0.18	-1.03507767629811
Y	20243885	21243885	11	Multi-Copy Duplication	4	1	0	1.08193263913101
Y	21343885	22469679	11	Duplication	3	0.01	0	0.710924766096477
Y	22569679	23569679	11	Duplication	3	0.01	0	0.657536692248619
Y	23669679	24501428	8	Multi-Copy Duplication	4	1	0	0.981851088262721
Y	24601428	25001428	5	Deletion	1	0.58	0.1	-0.45011517557695
Y	25101428	25201428	2	Double Deletion	0	1	0	-4.11793823661963
Y	25301428	25601428	4	Duplication	3	0.64	0.17	0.207635737287015
Y	25701428	26301428	7	Deletion	1	0.85	0.1	-1.03507767629811
Y	26401428	26801428	5	Duplication	3	1.6	0.13	0.262504884772821
Y	26901428	27101428	3	Multi-Copy Duplication	4	1	0	0.908338795335526
Y	27201428	27301428	2	Deletion	1	1.6	0.0700000000000001	-1.12793489854808
Y	27401428	27701428	4	Duplication	3	1.6	0	0.489099301082977
Y	27801428	27901428	2	Deletion	1	0.93	0.21	-1.09016913517332
Y	28001428	28701428	8	Multi-Copy Duplication	31	1	0	3.96658619889075
Y	59017656	59217656	3	Deletion	1	1.24	0.02	-0.255340276035198
